1 -0.44841562434329973 0.16860994035907192 -0.3509983118612716 0.8045460216342235
2 -0.1721519777399991 0.1221784375558591 -0.7486299266954833 -0.628481788767607
3 0.1755902645854752 -0.8369269701982096 0.21157163334810386 0.4732428018470682
4 -0.8663740014241987 -0.187241901559973 0.4235298570897932 -0.18697331389780547
5 -0.9366201723048194 0.07470626885605275 0.34088334168529333 0.030986667887417784
6 0.7696627200898825 0.24832865812933458 0.5038819908962844 -0.30340585707254264
7 -0.17055308227783164 0.2669227356078672 -0.3128013334463998 -0.8954435912637367
8 -0.38752978832095086 0.06048752385968271 0.8627612431301053 -0.3190688953405498
9 0.14739594552650764 -0.6421890981101895 -0.5360636335264078 0.5277341928672361
10 -0.5963034431506922 -0.014280641293713021 0.2749544176981008 0.7540678584578233
11 0.27595295181618734 -0.41476338680329605 0.17630287543666828 0.8489632485945166
12 -0.6870461501955792 -0.08750666615144634 0.6515558355359499 0.30949178350893813
13 0.7841758769736925 -0.5627330425331257 -0.025595648121428297 0.26027788920919787
14 0.2718978165291162 0.46610811554625425 -0.7803529194971823 0.3160128526197045
15 0.8235493992810228 -0.4006562414628762 0.38590108099098935 -0.1110014360749164
16 -0.462754124567833 -0.3500710695060419 -0.3866988406362011 -0.7167795150120938
17 -0.6587757263479669 -0.16019499696083303 -0.3423669060109474 0.6504898208211397
18 0.1985059035197109 0.6384482594496135 0.05206231874156126 0.7418010118898696
19 0.14778054054319337 -0.07359222401216196 -0.33761540204965673 -0.9266935505875468
20 -0.7301293501979037 -0.07132693254887927 -0.33343629994100066 -0.5921518678129872
