1 -0.44841562434329973 0.16860994035907192 -0.3509983118612716 0.8045460216342235
2 -0.1721519777399991 0.1221784375558591 -0.7486299266954833 -0.628481788767607
3 0.1755902645854752 -0.8369269701982096 0.21157163334810386 0.4732428018470682
4 -0.8663740014241987 -0.187241901559973 0.4235298570897932 -0.18697331389780547
5 -0.9366201723048194 0.07470626885605275 0.34088334168529333 0.030986667887417784
6 0.7696627200898825 0.24832865812933458 0.5038819908962844 -0.30340585707254264
7 -0.17055308227783164 0.2669227356078672 -0.3128013334463998 -0.8954435912637367
8 -0.38752978832095086 0.06048752385968271 0.8627612431301053 -0.3190688953405498
9 0.14739594552650764 -0.6421890981101895 -0.5360636335264078 0.5277341928672361
10 -0.5963034431506922 -0.014280641293713021 0.2749544176981008 0.7540678584578233
11 0.27595295181618734 -0.41476338680329605 0.17630287543666828 0.8489632485945166
12 -0.6870461501955792 -0.08750666615144634 0.6515558355359499 0.30949178350893813
13 0.7841758769736925 -0.5627330425331257 -0.025595648121428297 0.26027788920919787
14 0.2718978165291162 0.46610811554625425 -0.7803529194971823 0.3160128526197045
15 0.8235493992810228 -0.4006562414628762 0.38590108099098935 -0.1110014360749164
16 -0.462754124567833 -0.3500710695060419 -0.3866988406362011 -0.7167795150120938
17 -0.6587757263479669 -0.16019499696083303 -0.3423669060109474 0.6504898208211397
18 0.1985059035197109 0.6384482594496135 0.05206231874156126 0.7418010118898696
19 0.14778054054319337 -0.07359222401216196 -0.33761540204965673 -0.9266935505875468
20 -0.7301293501979037 -0.07132693254887927 -0.33343629994100066 -0.5921518678129872
21 -0.4934309636733179 -0.3798628818300212 0.1488661182227615 0.7681594586682501
22 0.24863103010420243 0.6745271789647863 0.5214557807116527 0.459651568548973
23 -0.42631515493427946 0.03674484732990524 0.18229899771109787 -0.8852526646678859
24 0.1883157475770345 -0.9737107616291908 -0.12457997092122479 0.030072624549094092
25 -0.5834757483242634 -0.21014691605067107 -0.26057430563602263 -0.7399292912394656
26 -0.5781117928417572 0.009881234001720527 -0.7166512631267149 -0.39000010673175023
27 0.27959085771243836 -0.4612167974592771 0.8413273878558108 -0.03572456394064366
28 0.830106896480301 -0.24318095357997924 0.3378094663946237 -0.3710395243716688
29 0.1568476724076395 0.5964757560338397 0.5158799695494458 0.5945446468868658
30 -0.28003547749828034 -0.07820457151758727 0.8869423647366499 0.358883571609819
31 0.6741881486838547 0.08707023551038039 0.30412930711451513 -0.66737881208235
32 0.7166041145876814 0.16839889823410953 0.062223858271742954 0.6739796328460685
33 -0.29335189851027665 0.38477221912828213 -0.12633023265703047 -0.865988265130847
34 -0.7152243195343446 -0.050462203359796634 0.5114105819130033 0.47367389149721106
35 0.4254763653889675 -0.5067273237001545 0.6403222345986594 -0.3901085974310899
36 0.09548254826034962 0.85984201921144 -0.24521540426160227 0.43752050293548816
37 -0.17923321674972387 -0.49707708576293225 -0.6746791762514578 0.5153618475941264
38 -0.5718796143334669 0.30091522247991104 -0.24882809093004174 0.7214487623898054
39 0.19207259070509364 0.18961464761929553 0.9219599313980809 0.2777486097255756
40 -0.2120754127211539 -0.32602178706524926 0.768670008003969 0.5078190942384027
41 0.21707816287646584 0.5503256604736054 0.7727974672034871 0.22978862746085535
42 0.0630726682886991 0.5655676095711197 -0.6284861459259021 0.5302454921054577
43 -0.3673409873259971 0.828490323492662 0.061839710441634096 -0.4181390117196442
44 0.388082137326481 -0.8013667230168485 0.43846031816400877 -0.12229545913427904
45 -0.89895730750892 0.032334479817306916 0.12331436949449158 0.41907494194646533
46 0.6068227700360462 0.5801736298698533 0.47141056588165225 -0.27006807168667435
47 -0.9641070893880673 -0.10520501540337539 0.16669017483555368 0.17788707243343213
48 -0.7564108569093781 -0.17977849802383156 0.5044055433678009 0.3756292787014201
49 0.17631007688509795 0.04728252913292178 0.20043232713290923 0.9625518175493991
50 0.37054398374284037 0.5221734500539663 0.5280004057046546 -0.5578957032873118
51 -0.1844439868633632 -0.4106653099056268 -0.15369767981009727 -0.8796086869574763
52 0.5254179959384483 0.2925186442567848 0.5678835129167515 0.5620294370079977
53 0.3515750263702073 -0.4682740975853045 -0.09581217822547029 -0.8049437227950458
54 -0.3300918148530614 0.35058495756197494 -0.24499631620061246 0.8414905741280825
55 0.755321176816418 -0.6472830815974503 -0.08488932547396441 -0.05751812367371925
56 0.7503830804441579 -0.31768719237283627 0.4411676401194561 0.375993608585081
57 -0.7815811945716391 -0.5707674404110615 -0.10932491431524582 -0.22672324179170308
58 -0.11804079200357565 0.26852256931448854 -0.7099541869148416 -0.6402554596987053
59 -0.22900035918372794 0.5939097666418947 0.7707187539190729 0.028681473785798852
60 -0.23117030130036512 0.48752309247319686 -0.7739312285902392 0.3315297566054548
61 -0.48916007552026375 -0.7316853711074582 -0.45142069229594917 0.14689553019543128
62 0.03086673166801171 0.3749772276688896 -0.9197678563509324 -0.11165309682001355
63 -0.5998877463756579 0.7245786012619861 0.0011305406736039762 -0.33929229908641234
64 -0.8748895171536039 -0.32422386665630415 0.35392112599466374 -0.06470744655631469
65 -0.4540803446044709 -0.41889915284718926 0.6980711129998265 -0.36198240507374907
66 0.23585702414711066 0.8236114825054273 0.074621287699656 0.5103599254131604
67 0.11666773472734407 -0.282858599076193 0.9446507421121793 0.11838339422888966
68 -0.10380683246375053 0.8444513752745982 0.4016192007593662 0.3388628541343688
69 -0.11029505994511551 -0.23970579089543495 0.499343909889707 -0.8252465045178669
70 0.5859477364664469 -0.20625340829843544 0.5075157606703424 -0.5971202009364025
71 -0.4251032699318243 -0.6330296872458268 0.17316017377854598 0.6233587884803624
72 -0.32399997477723075 0.01087969997309009 -0.7975803818512766 -0.5086955700208339
73 -0.38141574357364744 -0.37375468868024064 0.16552235735386317 0.8291150779353358
74 -0.002932054667807692 -0.19074051986244067 0.4263277514958497 -0.8842251440908723
75 -0.14858348535226262 0.7328470307374554 -0.5780352988594557 -0.32670073567766705
76 0.06131964471427714 0.5658274579060072 -0.33904577966563454 0.7490842064432159
77 0.616331110301973 0.5991679956234424 -0.49934794393617604 0.10856015098201377
78 -0.13883910995700757 -0.8026794067875425 0.3986071838375156 0.42135707476992706
79 0.6652494945899454 -0.307705522091589 -0.32612923743124855 0.5969925812894805
80 0.691268093578604 0.6222467089745589 -0.35273064297216417 -0.10265743752391539
81 0.23934296277861208 -0.08589471258540221 -0.919157932051963 -0.3008084780457264
82 -0.3796492657260528 -0.003637377006209415 -0.9064865932389088 0.18475730242753802
83 0.04603829426372183 0.5939063842804636 -0.5192792389383845 -0.6127844271681238
84 -0.9881421340526464 -0.0988695261575143 -0.08600749180683948 0.08001656741179826
85 -0.1863339662230314 0.3490873854890034 -0.9141344280566884 -0.08818105105700033
86 0.21132666918881823 0.5483383879880013 -0.8090066973745687 0.013199043577970072
87 0.552231169287652 0.2288420973260335 -0.10805757221006529 0.7943523092725805
88 0.5586551847427544 0.462131583175726 -0.6004637999436292 0.3373158895587239
89 -0.03329310106255415 0.28091932985088514 0.041512185036893266 0.9582549963507787
90 -0.8559741801138084 0.27750352138079515 -0.03173643996444145 0.4350779205822049
91 0.3787135824337322 0.40103849588044505 0.8316062572108264 -0.06461563487237425
92 0.2226564482066073 0.12927726797153427 0.8809146763663926 -0.39711563431842867
93 0.7357855860135292 -0.030921425495684093 -0.3764598262448063 -0.5620866802226969
94 0.5056263083518311 0.1298067144949989 0.17026961575580118 0.8357634301193638
95 0.7329159141128662 0.050291391038625205 -0.427362181618118 -0.5269407979556191
96 -0.8439617602469999 -0.32027128483743167 0.33387940555182594 0.27143948478017266
97 0.7981547963122472 0.32057266991858174 -0.46271015371359286 0.2146657822648282
98 0.03989524845846676 -0.6162432948183828 0.6839870275833471 0.38834819021017536
99 0.5626615946866401 0.513040656380656 0.5788424500844815 -0.29179210535137395
100 -0.3084941860841978 -0.3484117309932922 -0.045338655389006624 0.8839598459127105
