6.030403462161544326e+01
1.230058052671529509e+02
1.792243612745040480e+02
2.061616069521910504e+02
2.161176486451026904e+02
2.225048898248128069e+02
2.277518603945660232e+02
2.323020095012582829e+02
2.355248525201840266e+02
2.388328554224201525e+02
2.402500919053197777e+02
2.437510738866805582e+02
2.425981846127891117e+02
2.482387456609456819e+02
2.446284725579875499e+02
2.499006167162704060e+02
2.497308949776027589e+02
2.518758161365745138e+02
2.506191520317713923e+02
2.521816533372092692e+02
2.569816290972532329e+02
2.591435768752163540e+02
2.563481925994555013e+02
2.597348642603158737e+02
2.619342642293762538e+02
2.631223975994230955e+02
2.593294906343186881e+02
2.601054370069973061e+02
2.619299750873874473e+02
2.672091610073765082e+02
2.635498003400983293e+02
2.664967956000302820e+02
2.707195338954030035e+02
2.691663729247380843e+02
2.711066337280028620e+02
2.698303647072364129e+02
2.730323163472895089e+02
2.748911992171842371e+02
2.709584417447651390e+02
2.763099893763697992e+02
2.786982875438389442e+02
2.782058872368790503e+02
2.763475605944864242e+02
2.803446100533089407e+02
2.771689220800658404e+02
2.801744146707554250e+02
2.838725065734585655e+02
2.811136430999420668e+02
2.820068294895181111e+02
2.819859344558096836e+02
2.822449639588218133e+02
2.871223017445393566e+02
2.852372225527003593e+02
2.864766535623333539e+02
2.887462205889819984e+02
2.870284076712024444e+02
2.910622301042520803e+02
2.894053907984348371e+02
2.929663082882196932e+02
2.945326425270255868e+02
2.918500292414669843e+02
2.946204679563174409e+02
2.972010749955665005e+02
2.964167301856614358e+02
2.951268724963765067e+02
2.989365154171930499e+02
3.005965176386187636e+02
3.005942057390498690e+02
3.040622959857448677e+02
3.028026092173119537e+02
3.055909557210272851e+02
3.018814225403774003e+02
3.027770536639045531e+02
3.076694116955571303e+02
3.060936350319131520e+02
3.055811115877016277e+02
3.110343132505761901e+02
3.084351273777730285e+02
3.117316492302169308e+02
3.124600503616027254e+02
