6.108248814376395330e+01
1.229501141156345057e+02
1.827926615977298752e+02
2.066358214399813846e+02
2.144515868890334218e+02
2.216196110581999221e+02
2.248358076221761337e+02
2.311508979398924737e+02
2.345736963705061555e+02
2.336691420061546580e+02
2.383922022269959768e+02
2.388645352253174394e+02
2.409794752388635857e+02
2.448726816656559606e+02
2.413860920475873115e+02
2.430333686632092451e+02
2.441094163076419647e+02
2.503998092922876424e+02
2.514360212363991138e+02
2.533040943451809142e+02
2.552341475681965903e+02
2.554020030886003383e+02
2.545911490280175826e+02
2.576951332043187790e+02
2.548873301470136141e+02
2.591618877521651712e+02
2.573088458244542380e+02
2.632254756570975474e+02
2.617809230754004375e+02
2.622158056087431532e+02
2.623802484974277718e+02
2.664921716215052925e+02
2.656266133489992853e+02
2.673332762365118924e+02
2.650593783375181260e+02
2.696679197794552465e+02
2.706417279302345378e+02
2.716709049910485305e+02
2.746253611493877429e+02
2.740410720121208783e+02
2.730885653739427426e+02
2.745296068400960507e+02
2.770639332472635488e+02
2.742054827543756232e+02
2.788062486284740089e+02
2.797866568377089607e+02
2.779790198804430474e+02
2.784386908035291412e+02
2.805030600328450987e+02
2.817346759736557829e+02
2.839120424878072981e+02
2.840577820520738896e+02
2.882888742755553153e+02
2.839003837437881543e+02
2.854682022630690312e+02
2.861069425940099791e+02
2.899793061644924137e+02
2.884994743209387025e+02
2.906946381390378065e+02
2.902780990450095828e+02
2.906780407679731297e+02
2.912972462741858521e+02
2.954817327745916486e+02
2.932797238143916729e+02
2.945348291428803122e+02
2.964706822357657643e+02
3.000857318872875794e+02
2.966420044892583405e+02
3.019851887022928167e+02
2.984307009883638102e+02
3.046079802234803537e+02
3.024547414749862355e+02
3.063956882203420378e+02
3.050550848991702537e+02
3.067511454468898364e+02
3.034388224380259658e+02
3.057877446681584388e+02
3.056978173013790183e+02
3.076383265033328485e+02
3.074572523264254755e+02
